0 1 1
0 4 6
0 9 9
0 16 4
0 23 5
0 33 5
0 35 5
0 41 5
0 65 3
0 90 4
0 93 3
0 104 8
1 25 8
1 27 3
1 33 1
1 37 2
1 45 4
1 57 8
1 89 6
1 101 6
1 103 4
1 105 5
1 109 9
2 3 2
2 6 9
2 13 3
2 14 8
2 15 3
2 47 9
2 60 3
2 64 4
2 72 2
2 74 3
2 100 5
2 106 7
3 5 1
3 11 4
3 26 5
3 40 4
3 52 8
3 58 9
3 72 3
3 74 4
3 81 3
3 84 8
3 102 8
4 5 7
4 9 1
4 16 6
4 23 5
4 28 3
4 41 3
4 69 1
4 93 1
4 104 2
4 108 1
5 10 3
5 11 3
5 52 9
5 74 2
5 81 6
5 84 6
5 90 2
5 97 2
5 98 4
5 107 3
6 7 1
6 32 3
6 39 6
6 47 5
6 55 8
6 58 4
6 60 7
6 64 8
6 85 4
6 100 7
6 106 3
7 8 9
7 21 7
7 22 3
7 40 1
7 68 1
7 73 1
7 77 3
7 78 8
7 82 5
7 108 8
7 111 6
8 9 9
8 21 9
8 22 1
8 41 9
8 51 7
8 68 7
8 77 6
8 78 4
8 90 9
8 111 7
9 16 7
9 22 4
9 23 6
9 41 5
9 64 8
9 93 7
9 104 7
9 108 4
10 11 7
10 60 3
10 72 9
10 74 9
10 81 9
10 84 4
10 98 7
10 102 5
10 107 8
11 24 9
11 28 9
11 50 2
11 69 7
11 90 2
11 97 3
11 104 4
12 13 9
12 14 1
12 17 1
12 18 8
12 26 4
12 34 2
12 36 6
12 38 1
12 43 2
12 85 2
13 15 6
13 32 3
13 39 4
13 45 5
13 60 7
13 64 2
13 100 1
13 106 8
13 110 2
14 15 9
14 26 9
14 38 6
14 43 4
14 54 7
14 71 7
14 85 4
14 99 1
15 32 7
15 39 9
15 47 8
15 60 5
15 68 4
15 92 4
15 100 6
15 106 6
15 114 2
16 17 4
16 23 5
16 38 4
16 41 4
16 67 5
16 81 6
16 93 3
16 104 7
17 20 3
17 27 2
17 58 1
17 62 1
17 65 6
17 87 8
17 95 8
17 96 3
17 113 6
18 19 9
18 31 9
18 34 4
18 36 7
18 38 4
18 42 6
18 54 6
18 61 5
18 71 8
18 99 6
19 29 6
19 30 7
19 33 1
19 35 2
19 36 3
19 44 7
19 55 4
19 79 4
19 94 6
19 101 5
20 21 8
20 36 9
20 62 5
20 65 2
20 70 1
20 75 2
20 76 3
20 87 7
20 96 3
20 113 3
21 22 4
21 32 1
21 46 3
21 51 6
21 68 4
21 77 4
21 108 6
21 111 6
22 23 8
22 47 5
22 51 1
22 68 8
22 77 4
22 78 7
22 108 7
23 41 6
23 78 4
23 90 8
23 93 1
23 104 2
23 111 6
24 25 6
24 28 8
24 50 3
24 66 4
24 69 8
24 84 2
24 87 5
24 90 2
24 110 5
25 33 5
25 37 1
25 45 5
25 53 1
25 89 8
25 103 3
25 105 9
25 106 9
25 109 8
26 27 4
26 34 1
26 38 2
26 42 1
26 43 5
26 61 6
26 85 4
27 56 5
27 62 6
27 63 5
27 65 5
27 70 9
27 76 9
27 95 5
27 96 2
28 38 3
28 50 2
28 69 5
28 78 9
28 90 2
28 113 7
29 30 6
29 35 4
29 42 9
29 55 8
29 79 3
29 80 8
29 82 3
29 91 9
29 94 3
29 101 8
30 35 3
30 44 7
30 50 6
30 55 8
30 79 8
30 82 4
30 94 4
30 101 4
30 109 1
31 32 1
31 34 5
31 43 3
31 54 5
31 55 9
31 61 4
31 71 8
31 79 1
31 85 5
31 99 1
32 39 2
32 47 7
32 49 8
32 64 1
32 100 4
32 106 5
33 37 8
33 45 5
33 89 8
33 103 7
33 105 5
33 109 5
34 35 1
34 42 3
34 54 6
34 61 2
34 71 6
34 94 8
34 99 9
35 44 5
35 55 7
35 79 5
35 92 3
35 94 8
35 101 7
36 37 7
36 43 3
36 58 2
36 59 9
37 45 2
37 80 1
37 89 4
37 95 6
37 103 6
37 105 8
37 109 7
38 39 1
38 43 6
38 54 4
38 71 6
38 85 1
39 47 2
39 54 4
39 60 5
39 82 8
39 100 9
39 106 4
40 41 5
40 51 8
40 52 4
40 72 4
40 74 4
40 81 3
40 98 5
40 102 7
40 107 2
41 67 5
41 93 2
41 104 2
42 43 1
42 57 3
42 63 6
43 61 8
43 70 6
43 79 1
43 85 6
44 45 9
44 48 2
44 57 1
44 66 6
44 75 1
44 86 2
44 91 8
44 112 2
45 62 8
45 89 2
45 103 8
45 105 9
45 109 1
46 47 2
46 49 5
46 53 3
46 67 9
46 73 5
46 83 2
46 88 4
46 110 4
46 111 5
46 114 4
47 60 9
47 61 8
47 64 1
47 100 2
48 49 8
48 53 6
48 57 3
48 66 1
48 75 2
48 86 8
48 91 2
48 92 6
48 96 8
48 98 2
49 53 1
49 67 8
49 73 5
49 83 6
49 84 4
49 88 2
49 110 3
49 114 5
50 51 4
50 68 9
50 69 8
50 78 9
50 90 1
51 68 4
51 77 6
51 78 1
51 101 5
51 108 7
51 111 2
52 53 6
52 72 2
52 74 1
52 84 8
52 98 8
52 102 6
52 112 4
53 67 9
53 73 3
53 83 9
53 86 9
53 88 3
53 110 8
53 114 6
54 55 8
54 61 9
54 71 2
54 99 6
55 79 8
55 89 7
55 94 6
55 101 2
56 57 4
56 62 7
56 65 1
56 70 9
56 76 4
56 87 3
56 95 4
56 96 2
56 106 7
57 75 4
57 86 2
57 91 5
57 92 6
57 112 2
58 59 5
58 63 5
58 88 6
58 97 1
58 101 4
58 114 6
59 60 6
59 63 5
59 66 6
59 76 3
59 97 5
59 113 9
60 64 6
60 71 2
60 106 3
61 62 5
61 71 4
61 92 2
61 99 7
62 70 3
62 76 2
62 87 5
62 95 3
62 105 2
63 64 1
63 65 3
63 97 5
63 109 8
63 112 9
64 100 9
64 106 2
64 111 1
65 66 1
65 70 7
65 87 5
65 96 2
65 113 4
66 75 6
66 76 5
66 86 6
66 91 3
66 92 4
66 112 1
67 68 3
67 73 7
67 83 8
67 88 6
67 104 6
67 110 4
67 114 4
68 78 5
68 108 6
68 111 1
69 70 3
69 83 5
69 88 7
69 90 5
69 91 2
69 95 5
70 76 3
70 95 5
70 103 6
70 113 4
71 72 4
71 99 2
72 74 4
72 81 4
72 102 1
72 104 2
72 107 4
73 74 9
73 77 2
73 83 7
73 88 3
73 110 9
73 114 4
74 82 2
74 84 7
74 102 3
75 76 3
75 86 5
75 92 1
75 107 3
75 112 2
76 95 1
76 96 3
76 113 8
77 78 1
77 82 5
77 98 7
77 108 2
77 111 8
78 108 6
78 111 9
79 80 4
79 94 3
79 101 3
79 109 2
80 82 8
80 85 8
80 86 5
80 91 8
80 93 6
80 94 8
80 105 8
80 110 6
81 82 8
81 83 6
81 84 8
81 98 1
81 107 6
82 93 6
82 94 2
82 100 6
83 84 3
83 88 5
83 110 3
83 114 3
84 98 6
84 107 6
85 99 9
86 87 1
86 91 3
86 92 5
86 97 2
87 95 8
87 96 7
87 104 4
87 113 3
88 89 1
88 107 4
88 110 2
88 114 4
89 99 5
89 103 1
89 105 5
89 109 3
91 92 4
91 93 9
91 112 4
92 106 2
92 112 2
93 104 8
94 101 3
95 113 1
96 112 5
96 113 7
97 98 4
97 112 1
98 102 7
98 107 9
99 100 4
100 102 5
102 103 4
102 107 6
103 105 6
103 109 7
104 114 3
105 109 1
108 111 7
110 114 6
