0 1 3
0 2 5
0 3 6
0 4 6
0 5 8
0 6 3
0 7 4
0 8 1
0 10 5
0 11 8
0 12 8
0 13 2
0 17 1
0 19 9
0 21 9
0 31 5
1 2 7
1 3 3
1 7 9
1 13 7
1 17 4
1 19 7
1 21 7
1 30 7
2 3 2
2 7 6
2 8 6
2 9 5
2 13 6
2 27 2
2 28 4
2 32 8
3 7 7
3 12 5
3 13 5
4 6 4
4 10 4
5 6 7
5 10 9
5 16 9
6 16 8
8 30 4
8 32 7
8 33 7
9 33 6
13 33 4
14 32 4
14 33 4
15 32 9
15 33 9
18 32 9
18 33 7
19 33 1
20 32 8
20 33 1
22 32 3
22 33 4
23 25 9
23 27 5
23 29 4
23 32 1
23 33 8
24 25 6
24 27 3
24 31 1
25 31 7
26 29 9
26 33 5
27 33 5
28 31 4
28 33 7
29 32 2
29 33 4
30 32 6
30 33 4
31 32 1
31 33 6
32 33 4
