0 1 8
0 2 1
0 3 2
0 4 3
0 5 4
0 6 1
0 7 1
0 8 4
0 9 2
1 7 9
1 10 8
1 12 9
1 72 2
1 74 5
1 84 5
1 115 8
1 129 5
1 130 6
1 131 7
2 4 9
2 8 4
2 12 3
2 67 5
2 86 1
2 118 6
2 125 4
2 151 8
2 152 1
2 153 3
2 154 5
2 155 7
2 156 3
2 157 8
2 158 3
2 159 9
2 160 6
2 161 5
2 162 8
2 163 9
2 164 2
2 165 2
2 166 4
2 167 7
2 168 8
2 169 8
2 173 4
2 175 6
2 176 3
2 177 8
2 178 8
2 179 7
2 180 8
2 181 7
2 182 8
2 183 3
2 184 1
2 185 2
2 186 2
3 12 1
3 117 3
3 125 7
3 151 7
3 154 8
3 155 9
3 159 1
3 160 3
3 161 3
3 162 6
3 168 2
3 173 9
3 178 1
3 179 7
3 180 2
3 182 1
3 186 6
3 189 4
3 195 9
3 196 1
3 197 4
4 2 2
4 118 7
4 151 8
4 154 5
4 155 1
4 159 3
4 160 3
4 161 9
4 162 4
4 168 1
4 172 3
4 173 6
4 174 3
4 178 7
4 179 5
4 180 5
4 182 2
4 189 5
4 195 1
4 196 8
4 197 5
5 3 9
5 8 1
5 10 1
5 11 8
5 12 7
5 13 1
5 14 9
6 23 1
6 25 8
6 27 6
6 34 8
6 35 7
6 43 4
6 46 4
6 47 6
6 48 5
6 50 4
6 72 6
6 73 2
6 74 9
6 75 1
6 77 9
6 88 6
6 94 9
7 1 8
7 2 5
7 3 4
7 6 2
7 59 5
7 73 9
8 3 9
8 4 4
8 5 3
8 14 5
8 36 7
8 102 2
8 103 1
8 108 3
8 193 7
8 213 4
8 214 6
8 235 8
9 4 5
9 5 3
9 7 3
9 24 1
9 103 6
9 108 5
9 213 7
9 218 8
9 236 8
10 13 7
10 14 3
10 102 2
10 124 6
10 138 3
10 142 9
10 208 7
11 3 3
11 12 4
11 13 9
11 14 7
11 118 6
12 2 7
12 3 8
12 16 9
12 84 6
12 117 5
12 151 7
12 152 8
12 153 4
12 154 9
12 155 7
12 156 7
12 157 1
12 158 3
12 159 2
12 160 3
12 161 4
12 162 9
12 163 2
12 164 8
12 165 6
12 166 2
12 167 3
12 168 7
12 168 5
12 169 3
12 170 8
12 171 9
12 172 7
12 173 7
12 174 1
12 175 3
12 176 8
12 177 7
12 178 4
12 179 2
12 180 7
12 181 9
12 182 1
12 183 5
13 6 1
13 23 4
13 34 7
13 35 8
13 43 2
13 46 7
13 47 9
13 48 4
13 73 4
13 74 2
13 75 4
13 77 6
13 88 1
13 209 9
14 3 6
14 4 6
14 11 6
14 12 7
14 13 1
14 75 4
14 86 1
14 114 2
14 118 5
15 4 7
15 16 3
15 17 7
15 18 4
15 19 2
15 20 8
15 21 3
15 22 2
15 23 8
15 24 3
15 25 4
15 26 7
16 1 9
16 2 4
16 12 9
16 19 4
16 22 3
16 73 4
16 84 8
16 92 6
16 98 8
16 113 8
16 114 5
16 115 9
16 116 7
16 117 6
16 118 5
16 119 8
16 120 6
17 22 3
17 23 3
17 41 6
17 44 3
17 53 2
18 4 2
18 14 5
18 15 1
18 17 8
18 23 9
18 35 5
18 43 1
18 47 4
18 51 1
18 71 1
18 72 6
18 73 3
18 74 6
18 75 9
18 76 5
19 17 8
19 20 4
19 22 2
19 46 1
19 59 3
19 70 8
19 80 6
20 2 2
20 12 1
20 73 5
20 74 6
20 75 2
20 89 5
20 130 8
20 132 8
20 209 3
20 210 1
21 2 7
21 12 8
21 73 8
21 74 7
21 75 9
21 77 5
21 85 4
21 106 5
22 55 3
23 44 2
23 46 7
24 44 2
24 48 3
25 190 1
26 22 7
26 44 4
26 49 6
26 51 4
26 64 7
27 3 7
27 20 9
27 21 1
27 28 5
27 29 8
27 30 3
27 31 1
27 32 9
27 33 3
27 34 1
27 35 6
27 36 8
27 37 5
27 38 1
27 39 1
28 114 5
28 122 5
29 30 7
29 33 6
29 35 2
29 44 2
29 50 5
30 6 2
30 29 2
30 32 3
30 33 2
30 38 4
30 49 2
30 51 5
30 52 1
30 59 1
30 64 7
31 3 2
31 4 5
31 7 8
31 27 6
31 29 5
31 35 7
31 45 1
31 46 9
31 47 2
31 48 1
31 49 1
31 58 7
31 66 3
31 73 4
31 74 4
31 75 5
31 77 9
32 21 6
32 29 1
32 30 4
32 33 2
32 43 8
32 49 6
32 59 4
32 81 5
33 68 9
34 6 2
34 13 4
34 37 3
34 43 2
34 44 5
34 47 2
34 72 6
34 74 8
34 112 6
35 43 7
35 44 9
36 44 7
36 49 9
36 93 1
37 190 9
38 33 1
38 43 1
38 44 7
38 49 3
38 50 3
38 64 9
40 22 2
40 41 1
40 42 1
40 43 5
40 44 4
41 4 1
41 23 4
41 40 9
41 43 8
41 44 7
41 46 3
41 47 5
41 48 1
41 49 3
42 17 1
42 22 8
42 29 5
42 33 7
42 40 5
42 45 6
42 84 8
42 86 3
42 98 4
42 119 1
42 137 3
42 167 4
42 168 7
42 172 1
42 173 6
42 185 7
42 218 4
42 232 7
43 6 6
43 23 6
43 35 9
43 44 9
45 33 3
45 44 8
45 46 7
46 23 3
46 44 3
46 79 2
47 6 5
47 13 1
47 31 2
47 35 1
47 44 1
47 48 4
47 214 4
48 6 5
48 13 2
48 23 8
48 44 8
48 47 5
48 213 8
49 44 7
50 3 9
50 23 9
50 35 1
50 43 4
50 44 8
50 45 1
50 46 3
50 47 8
50 48 5
50 51 9
50 52 1
51 44 6
52 4 5
52 6 3
52 9 5
52 21 4
52 32 8
52 33 2
52 37 6
52 48 6
52 84 7
52 86 1
52 99 8
53 4 1
53 13 5
53 14 7
53 17 6
53 23 2
53 46 1
53 59 3
53 75 7
53 78 9
53 86 1
53 90 8
54 11 6
54 14 1
54 22 7
54 40 5
54 49 3
54 51 5
54 55 2
54 56 9
55 21 4
55 35 3
55 78 7
56 22 8
56 35 2
56 40 9
56 44 1
56 51 3
57 21 7
57 33 7
57 45 6
57 49 4
57 51 7
57 58 4
57 59 9
57 60 6
57 61 5
58 3 4
58 7 8
58 20 9
58 21 2
58 23 1
58 24 3
58 31 4
58 45 8
58 46 1
58 50 3
58 61 8
58 68 2
58 69 1
58 82 5
58 85 4
58 87 9
58 88 1
58 95 2
59 5 6
59 6 6
59 7 8
59 13 3
59 14 5
59 15 8
59 19 3
59 22 8
59 27 5
59 32 2
59 33 4
59 39 6
59 49 8
59 55 9
59 58 6
59 64 3
59 66 2
59 68 7
59 71 6
59 91 3
59 99 7
59 102 4
59 105 2
59 108 6
60 7 6
60 14 3
60 44 2
61 33 3
61 44 1
61 46 8
61 49 2
61 60 2
61 82 7
62 3 1
62 19 7
62 20 1
62 41 8
62 47 9
62 48 7
62 49 2
62 55 5
62 59 9
62 63 7
62 64 7
62 65 5
63 2 1
63 3 7
63 8 1
63 9 4
63 12 7
63 13 3
63 18 6
63 24 4
63 34 8
63 41 5
63 47 5
63 59 4
63 62 6
63 71 2
63 81 8
63 83 9
63 85 2
63 93 5
63 94 2
63 101 2
63 129 3
63 209 7
63 215 5
63 225 2
64 44 2
64 74 2
65 3 6
65 8 7
65 11 7
65 13 6
65 20 1
65 84 9
65 98 6
66 31 2
66 32 8
66 38 2
66 47 4
66 50 9
66 51 6
66 59 4
66 64 3
66 67 9
66 68 3
66 69 4
67 2 9
67 4 2
67 8 5
67 9 3
67 12 6
67 31 6
67 48 9
67 58 7
67 59 6
67 63 8
67 87 2
67 98 2
67 106 9
67 118 6
67 129 4
67 212 2
67 218 6
67 224 4
68 20 4
68 21 7
68 23 5
68 36 2
68 79 6
69 21 1
69 37 7
69 47 3
69 48 3
69 50 4
69 52 4
69 58 1
69 66 9
69 86 4
69 87 5
69 88 4
69 89 6
70 5 5
70 13 3
70 17 7
70 19 6
70 22 2
70 26 6
70 49 8
70 51 8
70 59 9
70 64 6
71 4 3
71 14 5
71 18 8
71 20 1
71 21 7
71 22 4
71 36 9
71 40 1
71 41 6
71 43 6
71 55 1
71 56 5
71 76 8
71 83 4
71 89 5
71 90 5
71 93 8
71 94 9
72 2 1
72 18 5
72 93 3
72 114 8
72 130 9
72 132 8
72 214 8
73 6 3
73 13 1
73 44 3
73 75 3
74 6 7
74 13 2
74 44 1
75 6 3
75 13 9
75 23 2
75 44 4
75 73 2
75 209 1
76 4 1
76 14 5
76 35 5
76 43 1
76 73 7
76 74 5
77 6 6
77 13 2
77 34 2
77 35 8
77 42 6
77 44 1
77 74 8
78 190 8
79 190 7
80 190 2
81 190 7
82 3 7
82 4 3
82 7 9
82 23 2
82 46 7
82 73 7
82 74 5
83 21 6
83 25 2
83 35 3
83 41 7
83 65 9
83 71 9
83 84 5
83 85 5
84 2 3
84 4 3
84 86 4
84 118 3
84 142 7
84 151 2
84 152 2
84 155 3
84 156 6
84 157 6
84 158 6
84 163 4
84 175 4
84 180 2
84 187 6
84 188 4
84 189 8
84 190 5
85 12 8
85 44 6
85 60 2
85 211 6
86 3 8
86 12 4
86 84 3
86 117 1
86 151 2
86 152 8
86 155 7
86 156 3
86 157 3
86 158 4
86 163 5
86 175 7
86 180 3
86 187 3
86 188 7
86 189 3
86 190 9
86 191 9
87 2 5
87 4 8
87 43 1
87 44 3
87 46 5
87 47 9
87 48 9
87 52 8
87 86 5
87 103 8
87 106 4
87 109 9
87 117 8
87 119 2
87 236 2
88 190 4
89 2 6
89 44 9
89 60 3
89 212 6
90 3 9
90 4 9
90 7 2
90 14 7
90 15 3
90 23 2
90 27 5
90 31 1
90 47 9
90 48 8
90 58 6
90 71 6
90 73 1
90 74 9
90 75 4
90 77 8
90 91 2
90 130 9
90 132 7
90 187 7
90 213 7
90 218 8
91 3 7
91 6 8
91 7 7
91 12 3
91 23 2
91 29 5
91 35 6
91 43 1
91 77 7
91 78 7
91 79 2
92 3 8
92 4 8
92 39 1
92 39 5
92 48 3
93 3 8
93 12 4
93 25 8
93 36 8
93 43 3
93 44 6
93 47 5
93 48 8
93 65 2
93 71 3
93 78 3
93 86 4
93 101 5
93 104 2
93 114 5
93 141 6
93 216 5
93 235 3
94 190 3
95 12 5
95 61 7
95 63 6
95 67 8
95 72 6
95 119 5
95 125 7
95 142 3
95 172 4
95 198 5
95 204 8
95 207 4
95 240 3
95 241 2
96 44 2
96 60 3
96 97 1
97 44 3
97 166 2
97 221 8
97 227 5
98 2 1
98 3 4
98 84 4
98 86 3
98 118 2
98 119 3
98 125 5
98 145 5
98 172 8
98 186 1
98 191 1
98 198 9
98 202 5
98 206 3
98 207 6
99 2 1
99 4 4
99 6 5
99 7 9
99 52 6
99 107 7
100 11 9
100 13 6
100 19 3
100 101 7
100 102 9
100 103 9
100 104 5
101 1 9
101 2 8
101 3 2
101 22 6
101 22 7
101 77 5
101 84 4
101 86 6
101 98 6
101 114 6
101 132 1
101 224 6
102 1 1
102 4 1
102 13 8
102 59 2
102 89 3
102 100 4
102 104 4
102 113 9
102 114 2
102 132 1
102 135 4
102 136 6
102 137 5
103 5 5
103 6 6
103 11 9
103 13 4
103 52 3
103 65 7
103 102 6
103 108 3
103 137 6
103 191 4
103 201 3
104 44 6
104 64 7
104 131 5
104 222 8
105 6 7
105 9 6
105 52 3
105 89 6
105 99 1
105 103 7
105 106 7
105 107 6
105 108 7
105 109 5
105 110 4
105 111 4
105 112 2
106 3 6
106 33 8
106 75 9
106 84 9
106 86 8
106 119 4
106 130 4
106 209 2
107 6 1
107 7 7
107 105 4
107 108 7
107 139 8
107 191 5
108 1 1
108 3 6
108 4 4
108 6 7
108 85 6
108 112 4
108 114 2
108 122 4
108 130 2
108 137 6
109 2 4
109 4 5
109 6 5
109 86 7
109 87 4
109 105 8
109 106 4
109 111 5
109 114 6
109 117 3
109 118 6
109 122 7
109 142 4
110 6 9
110 28 4
110 86 4
110 103 5
110 105 2
110 108 4
110 112 3
111 2 7
111 3 1
111 6 5
111 9 8
111 12 9
111 84 5
111 86 2
111 105 9
111 125 7
111 130 7
111 145 6
111 172 6
111 187 3
111 190 6
111 193 4
111 198 2
111 201 1
111 233 2
112 44 6
112 64 3
112 72 2
112 223 5
113 1 2
113 101 1
113 102 9
113 115 3
113 124 7
113 140 1
113 141 8
113 149 5
113 191 6
113 215 8
114 2 5
114 3 5
114 13 1
114 14 9
114 73 6
114 86 1
114 130 2
114 131 7
114 132 7
114 133 4
115 1 1
115 10 3
115 107 2
115 113 8
115 114 2
115 122 9
115 124 1
115 126 8
115 128 7
115 138 5
115 139 4
116 1 3
116 12 3
116 13 7
116 22 3
116 84 9
116 100 5
116 103 3
116 113 7
116 117 8
116 118 8
116 132 4
116 141 2
117 12 9
117 84 2
117 118 5
117 125 3
117 151 3
117 152 9
117 153 7
117 156 2
117 157 2
117 159 5
117 160 1
117 161 7
117 162 8
117 163 3
117 166 7
117 167 4
117 170 3
117 173 9
117 176 2
117 178 5
117 179 7
117 181 1
117 182 9
117 186 4
117 192 4
117 193 5
117 194 5
118 2 8
118 86 8
118 117 3
118 151 9
118 152 5
118 153 7
118 156 5
118 157 1
118 159 3
118 160 9
118 161 7
118 162 9
118 163 4
118 166 2
118 167 9
118 172 6
118 173 3
118 174 2
118 176 9
118 178 7
118 179 8
118 181 1
118 182 7
118 184 5
118 192 2
118 193 5
118 194 1
119 4 9
119 12 1
119 84 3
119 86 5
119 90 4
119 117 5
119 123 9
119 125 4
119 142 2
119 148 2
119 172 8
119 174 4
119 199 4
119 204 1
119 205 7
120 13 2
120 84 8
120 85 1
120 100 5
120 102 8
120 114 4
121 2 6
121 20 6
121 21 8
121 31 2
121 84 1
121 86 5
121 98 7
121 109 8
121 114 4
121 115 6
121 117 2
121 118 4
121 122 9
121 123 1
121 124 7
121 125 4
122 106 5
122 108 6
122 114 1
122 115 3
122 121 3
122 124 1
122 139 1
122 205 8
123 8 2
123 84 1
123 89 3
123 98 5
123 103 8
123 104 8
123 118 6
123 119 6
123 121 4
123 145 1
123 198 4
123 200 5
123 201 1
123 202 5
123 203 8
124 1 8
124 10 8
124 107 3
124 114 3
124 121 5
124 122 7
124 138 7
125 2 7
125 3 6
125 4 2
125 12 8
125 42 3
125 78 5
125 84 7
125 86 5
125 90 2
125 96 9
125 117 6
125 118 8
125 119 3
125 137 9
125 151 5
125 154 2
125 160 3
125 168 6
125 169 9
125 171 5
125 172 2
125 184 7
125 187 3
125 192 1
125 232 9
125 253 9
125 254 4
125 256 4
125 262 9
125 263 4
125 264 3
125 265 7
125 266 6
125 267 1
126 10 6
126 127 2
127 1 4
127 5 8
127 14 3
127 39 5
127 96 1
127 113 6
127 115 9
127 126 2
128 107 5
128 115 5
129 1 1
129 2 1
129 12 5
129 63 1
129 67 4
129 84 1
129 86 7
129 114 2
129 117 9
129 118 5
129 137 9
129 224 5
130 1 4
130 7 1
130 12 1
130 44 3
130 47 5
130 48 9
130 73 1
130 74 3
130 84 9
130 86 7
130 90 1
130 106 1
130 119 9
130 210 3
130 211 2
130 212 9
130 213 1
131 1 1
131 12 9
131 93 7
131 130 4
131 132 3
132 12 2
132 14 6
132 44 6
132 47 7
132 48 9
132 72 9
132 74 8
132 77 7
132 84 6
132 86 6
132 90 5
132 210 5
132 211 8
132 212 6
133 44 6
133 72 6
133 114 6
133 131 9
133 132 3
133 173 9
133 178 7
133 179 9
133 196 4
133 197 9
133 200 8
133 214 1
133 219 5
134 0 2
134 7 6
134 14 4
134 28 4
134 39 4
134 99 1
134 128 4
134 135 7
135 1 8
135 6 6
135 10 6
135 105 6
135 107 6
135 113 1
135 114 8
135 124 6
135 138 5
136 1 5
136 10 1
136 102 3
136 115 1
136 124 1
136 135 1
136 138 6
136 141 3
137 3 9
137 4 7
137 6 4
137 11 2
137 12 5
137 13 3
137 42 2
137 72 2
137 84 3
137 85 5
137 89 1
137 99 7
137 102 7
137 103 6
137 104 9
137 112 1
137 125 9
137 130 4
137 133 7
137 168 2
137 169 8
137 177 3
137 185 5
137 192 2
137 201 3
137 211 2
137 212 9
137 232 5
137 253 2
137 254 8
138 1 2
138 10 2
138 12 6
138 13 5
138 113 7
138 114 4
138 122 5
139 103 6
139 105 1
139 107 3
139 108 8
139 110 3
139 115 4
139 128 7
139 135 5
139 205 3
140 1 8
140 113 3
140 127 5
140 141 8
141 1 2
141 113 7
141 144 9
141 149 6
142 1 6
142 44 7
142 44 1
142 87 5
142 95 6
142 102 2
142 108 9
142 114 1
142 116 4
142 117 2
142 119 8
142 120 9
142 130 2
142 148 2
142 157 7
142 163 5
142 164 8
142 169 7
142 173 3
142 181 7
142 182 8
142 186 5
142 191 7
142 202 8
142 204 1
142 205 3
142 238 7
142 244 7
142 245 5
143 109 6
143 122 9
143 124 6
143 135 4
143 138 3
144 141 2
144 145 1
145 39 2
145 93 5
145 113 4
145 141 1
145 144 2
145 187 9
145 191 9
145 193 6
145 195 4
145 200 3
145 219 8
146 142 2
146 147 9
146 148 6
147 114 1
147 122 5
147 139 9
147 150 7
148 39 4
148 122 9
148 142 5
148 147 5
148 187 1
148 193 2
148 195 6
148 199 7
148 200 6
148 205 3
148 219 2
149 4 3
149 39 2
149 39 6
149 86 3
149 104 9
149 113 6
149 117 8
149 118 2
149 119 5
149 123 4
149 140 2
149 141 2
149 145 4
149 198 6
149 199 9
149 202 5
149 215 1
149 216 8
150 28 3
150 39 3
150 87 4
150 98 7
150 118 9
150 122 1
150 142 5
150 146 1
150 147 1
150 191 7
150 199 5
150 202 2
150 205 2
151 44 4
151 159 5
151 200 1
152 44 5
152 165 4
152 249 3
152 268 5
153 44 6
153 161 5
153 166 4
153 167 8
153 227 4
153 249 6
154 44 2
154 160 1
154 197 4
155 44 3
155 161 7
155 189 6
155 197 3
156 44 9
156 189 9
156 231 9
157 44 6
157 162 2
157 231 7
157 234 4
158 44 2
158 163 5
158 234 2
158 269 4
159 44 9
159 197 9
159 200 2
160 44 6
160 189 1
160 197 2
160 200 2
160 219 1
161 44 5
161 162 2
161 189 2
161 231 1
161 233 7
162 44 4
162 163 9
162 231 1
162 234 1
162 269 5
162 275 9
163 44 1
163 164 3
163 269 4
163 271 4
163 276 5
164 44 2
164 165 8
164 268 7
164 273 1
164 276 1
165 44 4
165 97 3
165 166 4
165 227 6
165 249 2
166 44 5
166 97 5
166 167 9
166 221 6
166 227 4
167 44 7
167 97 1
167 221 1
167 227 3
168 44 2
168 156 1
168 189 8
168 231 3
168 233 7
168 234 5
168 269 5
168 275 1
169 44 7
169 234 1
169 269 9
169 270 3
169 271 7
169 272 3
169 273 1
169 276 9
169 277 8
170 2 6
170 12 1
170 117 8
170 118 3
170 119 7
170 207 5
170 255 2
170 256 1
171 42 3
171 125 7
171 137 7
171 185 6
171 190 7
171 213 3
171 217 6
171 246 8
172 2 1
172 3 5
172 4 7
172 12 7
172 42 9
172 79 5
172 84 6
172 86 4
172 96 2
172 117 2
172 118 9
172 125 2
172 129 7
172 137 6
172 151 9
172 154 5
172 160 9
172 168 3
172 169 9
172 170 7
172 185 8
172 187 8
172 192 1
172 201 6
172 220 9
172 232 6
172 253 6
172 254 1
172 262 8
172 263 7
172 264 9
172 265 7
172 266 7
172 267 5
173 178 4
174 190 4
175 44 2
175 176 4
175 277 1
176 44 4
176 97 3
176 177 3
176 227 2
176 249 7
177 44 4
177 97 5
177 125 5
177 153 4
177 166 3
177 167 9
177 170 4
177 172 8
177 176 4
177 183 5
177 221 1
177 253 4
178 44 9
178 179 7
178 197 4
178 200 9
178 219 7
179 44 9
179 180 8
179 189 5
179 197 6
179 219 9
179 233 6
180 44 3
180 181 6
180 231 1
180 233 3
181 44 6
181 182 9
181 231 2
181 234 1
181 275 2
182 44 4
182 188 5
182 275 5
183 44 8
183 177 5
184 2 6
184 12 5
184 42 9
184 98 3
184 117 3
184 118 8
184 172 6
184 194 5
184 256 4
185 42 5
185 137 2
185 171 6
185 172 8
185 190 3
185 217 2
185 218 4
185 246 6
186 190 1
187 4 9
187 44 3
187 97 6
187 111 1
187 151 3
187 160 2
187 173 8
187 174 7
187 199 1
187 219 7
187 220 3
187 221 7
188 44 9
188 269 5
188 271 6
188 276 5
188 279 3
189 44 4
189 155 5
189 237 9
191 44 9
191 44 6
191 102 4
191 108 9
191 109 1
191 110 2
191 113 5
191 116 7
191 117 1
191 119 9
191 120 9
191 132 1
191 141 9
191 142 9
191 146 3
191 157 6
191 163 4
191 173 5
191 182 5
191 186 6
191 202 6
191 215 3
191 238 8
191 244 9
192 44 3
192 157 6
192 158 9
192 231 2
192 234 4
192 269 3
192 271 2
192 275 2
192 276 5
193 1 2
193 2 4
193 8 6
193 9 3
193 12 1
193 14 5
193 84 8
193 114 1
193 195 9
193 210 7
193 213 4
193 214 8
193 218 8
194 2 4
194 12 3
194 118 5
194 170 2
194 204 3
194 226 9
195 1 1
195 8 1
195 9 8
195 44 7
195 59 6
195 64 4
195 85 4
195 97 6
195 97 6
195 111 8
195 114 6
195 166 6
195 187 1
195 190 2
195 193 5
195 210 5
195 213 8
195 214 4
195 218 1
195 250 4
196 44 6
196 133 4
196 178 4
196 200 9
196 219 2
197 44 5
197 155 4
197 237 9
198 85 5
198 86 3
198 98 5
198 103 5
198 105 9
198 110 7
198 111 2
198 112 3
198 117 2
198 119 7
198 123 1
198 130 8
198 148 2
198 199 5
198 200 5
199 44 1
199 84 3
199 86 4
199 119 8
199 123 6
199 142 7
199 145 7
199 185 1
199 187 2
199 202 5
199 226 3
199 227 6
200 44 6
200 196 5
200 219 4
201 0 2
201 2 7
201 5 7
201 6 5
201 12 2
201 13 2
201 65 8
201 84 9
201 86 6
201 117 9
201 118 5
201 119 5
201 125 4
201 137 6
201 172 6
201 203 4
202 44 4
202 84 4
202 98 7
202 123 1
202 133 6
202 145 9
202 171 7
202 187 8
202 191 7
202 199 6
202 226 1
202 227 3
203 2 1
203 4 3
203 8 3
203 12 9
203 84 4
203 86 4
203 101 4
203 118 1
203 123 1
203 148 9
203 172 1
203 187 9
203 190 8
203 193 9
203 201 4
203 233 5
204 2 4
204 4 9
204 44 4
204 86 6
204 95 7
204 98 9
204 118 5
204 119 3
204 172 1
204 187 1
204 189 2
204 190 7
204 194 1
204 199 9
204 205 7
204 207 9
204 219 2
204 220 4
204 221 8
204 225 9
204 226 5
204 231 1
204 233 5
204 238 6
204 245 3
204 252 5
205 33 2
205 84 5
205 86 2
205 98 2
205 109 5
205 111 3
205 119 7
205 125 3
205 130 9
205 142 3
205 172 4
205 198 1
205 202 9
206 42 9
206 67 1
206 78 8
206 84 4
206 86 3
206 95 7
206 96 2
206 98 2
206 125 9
206 159 4
206 159 2
206 172 7
206 225 4
207 2 4
207 4 2
207 44 4
207 86 1
207 95 3
207 98 1
207 118 6
207 119 1
207 172 7
207 187 3
207 189 5
207 190 2
207 194 2
207 199 7
207 204 5
207 205 2
207 219 5
207 221 6
207 226 6
207 231 2
207 233 5
207 238 7
207 245 6
207 252 8
207 256 7
208 10 4
208 101 8
208 102 2
208 120 6
208 126 7
208 135 3
208 140 8
209 6 2
209 13 2
209 23 3
209 25 5
209 44 7
209 46 4
209 48 7
209 64 6
209 73 1
209 75 4
209 131 3
210 44 7
210 48 8
210 114 5
210 213 6
210 218 5
211 12 9
211 31 2
211 74 2
211 130 2
211 132 5
211 210 5
212 2 1
212 73 8
212 130 6
212 132 6
213 3 7
213 4 6
213 37 9
213 72 4
213 84 5
213 130 7
213 132 8
213 137 9
213 148 3
213 185 3
213 190 2
213 206 4
213 217 6
214 1 3
214 44 3
214 47 5
214 48 8
214 87 5
214 213 4
214 218 5
215 84 3
215 86 8
215 98 2
215 123 3
215 130 5
215 132 9
215 203 8
215 216 7
216 3 9
216 15 6
216 35 1
216 71 3
216 93 7
216 118 2
216 125 8
216 172 9
216 225 1
216 239 9
217 42 7
217 125 4
217 137 1
217 171 4
217 190 9
217 206 8
217 213 3
218 73 1
218 74 8
218 75 2
218 85 3
218 130 8
218 131 3
218 132 5
218 137 2
218 145 1
218 171 8
218 190 5
218 203 9
218 217 4
219 44 2
219 159 1
219 197 5
219 200 9
220 2 1
220 118 7
220 119 2
220 172 3
220 177 6
220 252 1
220 256 6
221 44 7
221 177 7
222 72 2
222 112 6
223 104 1
223 131 9
224 2 2
224 3 7
224 4 7
224 12 7
224 67 8
224 84 4
224 86 3
224 114 3
224 117 7
224 118 7
224 125 9
224 129 1
224 133 3
224 137 1
224 190 1
225 2 5
225 39 8
225 56 5
225 63 4
225 98 3
225 125 1
225 131 5
225 191 4
225 198 6
225 204 7
225 207 4
226 2 6
226 4 7
226 12 4
226 84 7
226 98 9
226 111 1
226 117 4
226 118 6
226 125 6
226 145 7
226 148 1
226 166 2
226 166 7
226 172 5
226 176 4
226 176 2
226 190 4
226 190 1
226 195 6
226 202 7
226 203 8
226 204 5
226 207 4
226 228 6
226 229 9
227 44 3
228 118 6
228 123 2
228 137 9
228 145 7
228 166 4
228 198 5
228 202 6
228 226 9
228 229 9
228 255 4
228 257 6
229 123 1
229 137 8
229 145 5
229 226 2
229 228 2
229 255 8
229 257 2
230 44 7
230 151 2
230 154 7
230 189 5
230 197 6
230 200 4
230 219 1
230 231 9
231 44 2
232 44 8
232 155 3
232 189 9
232 197 6
232 219 1
232 231 9
232 233 3
232 234 4
233 44 6
233 161 1
233 189 9
233 231 4
234 44 2
235 77 4
235 85 3
235 211 2
236 36 7
236 74 7
236 77 5
236 89 5
236 212 8
237 44 8
237 178 6
237 189 9
237 197 5
237 219 4
237 233 8
237 238 6
238 44 5
238 44 2
238 142 8
238 200 7
238 231 2
238 233 4
239 2 2
239 3 4
239 12 8
239 21 3
239 90 1
239 114 5
239 129 2
239 214 6
239 216 3
240 23 3
240 27 6
240 58 1
240 88 6
240 95 3
240 172 9
241 1 7
241 12 2
241 16 3
241 24 1
241 36 2
241 84 7
241 86 2
241 137 3
242 190 6
243 190 3
244 44 2
244 193 5
244 195 7
244 199 4
244 202 4
244 245 6
244 283 2
245 44 9
245 142 7
245 148 3
245 187 8
245 189 2
245 197 6
245 200 9
245 219 7
245 231 9
245 233 8
245 234 3
245 238 2
245 252 5
245 269 6
245 271 6
245 275 3
245 276 3
245 282 8
245 283 1
246 44 3
246 175 1
246 268 8
246 273 8
246 277 4
247 12 3
247 137 7
247 172 6
247 190 6
247 248 6
248 2 8
248 125 9
248 137 3
248 190 1
248 247 9
249 44 7
250 44 3
250 97 3
250 167 2
250 204 5
251 44 8
251 97 9
252 190 4
253 44 4
253 97 2
253 152 3
253 153 6
253 227 4
253 249 1
253 268 9
253 273 7
254 44 6
254 97 7
254 177 4
255 2 8
255 12 2
255 117 4
255 125 6
255 177 3
255 257 1
256 12 3
256 98 1
256 117 9
256 125 1
256 177 1
256 220 6
256 252 7
257 2 5
257 12 6
257 117 2
257 118 6
257 125 7
257 172 6
257 177 6
257 255 2
258 12 6
258 125 7
258 137 5
258 170 6
258 177 1
259 123 6
259 137 3
259 167 5
259 172 4
259 177 4
259 184 7
259 258 5
260 191 8
261 12 2
261 117 1
261 137 8
261 142 3
261 172 4
261 185 7
262 44 6
262 233 7
263 44 8
263 233 9
263 275 2
264 44 7
264 275 5
265 44 1
265 275 2
265 276 5
266 44 3
266 276 1
267 44 5
267 276 4
267 277 2
268 44 9
269 44 5
270 44 7
270 269 7
270 271 1
271 44 9
272 44 2
272 164 3
272 271 8
272 273 5
273 44 3
274 44 3
274 268 9
274 273 8
275 44 7
275 162 9
275 234 9
275 269 8
276 44 8
276 164 2
276 271 3
276 273 8
277 44 8
277 165 6
277 249 5
277 268 7
278 44 7
278 97 3
278 268 7
278 269 1
278 271 5
278 273 3
278 274 3
278 277 2
279 44 3
279 246 7
279 276 4
280 44 1
280 97 6
280 277 1
281 44 8
281 277 6
282 44 9
282 44 5
282 142 6
282 200 2
282 219 1
282 238 5
283 44 5
283 193 3
283 195 2
283 199 2
283 202 9
283 244 8
283 276 3
284 44 9
284 44 5
284 142 8
284 145 2
284 183 9
284 187 2
284 221 4
284 227 1
284 233 7
284 244 3
284 249 9
284 268 3
284 271 2
284 273 2
284 275 1
284 276 9
284 277 6
285 44 7
286 44 9
287 44 8
288 44 6
289 44 4
290 44 9
291 44 3
292 44 7
293 44 1
294 44 6
295 190 2
296 190 4
