0 10 8
0 14 1
0 15 6
0 40 7
0 42 8
0 47 1
1 17 5
1 19 9
1 26 9
1 27 2
1 28 4
1 36 5
1 41 7
1 54 8
2 10 1
2 42 5
2 44 5
2 61 1
3 8 1
3 14 4
3 59 8
4 51 4
5 9 9
5 13 6
5 56 3
5 57 9
6 9 5
6 13 1
6 17 7
6 54 5
6 56 8
6 57 6
7 19 7
7 27 8
7 30 3
7 40 6
7 54 2
8 20 5
8 28 9
8 37 2
8 45 8
8 59 1
9 13 3
9 17 3
9 32 1
9 41 2
9 57 8
10 29 8
10 42 6
10 47 9
11 51 7
12 33 7
13 17 4
13 32 3
13 41 2
13 54 7
13 57 5
14 16 1
14 24 5
14 33 1
14 34 1
14 37 8
14 38 6
14 40 5
14 43 8
14 50 9
14 52 2
15 18 2
15 24 9
15 40 6
15 45 5
15 55 5
15 59 1
16 20 4
16 33 5
16 37 9
16 38 3
16 50 9
17 22 1
17 25 4
17 27 9
17 31 3
17 57 7
18 20 3
18 21 4
18 24 4
18 29 2
18 45 5
18 51 9
19 30 1
19 54 1
20 28 6
20 36 3
20 38 8
20 44 8
20 47 7
20 50 5
21 29 1
21 33 3
21 37 6
21 45 9
21 51 9
23 36 1
23 45 3
23 51 2
24 29 7
24 45 3
24 51 9
25 26 2
25 27 7
26 27 8
28 30 3
28 47 5
29 35 2
29 43 1
29 45 8
29 51 1
29 52 4
30 42 6
30 47 3
32 60 8
33 34 5
33 37 8
33 38 1
33 40 7
33 43 2
33 50 6
34 37 5
34 44 4
34 49 6
36 37 7
36 39 3
36 40 4
36 59 8
37 40 7
37 43 8
37 45 8
37 61 5
38 43 9
38 44 8
38 52 2
38 58 6
39 57 1
40 52 9
41 54 8
41 57 8
42 47 6
42 50 9
43 46 2
43 53 1
45 50 6
45 51 1
45 59 9
46 49 7
48 57 4
50 51 7
51 55 5
53 61 8
54 57 3
